+-------------------------------------------------------------------------------------------------------------------------------------+
|                                                                                                                                     |
|                                                                                                                                     |
|                                           +-----------------STATION------------------+                                              |
|                                           |                                          |                                              |
|                                           |                                          |                                              |
|                                           |                                          |                                              |
|                                           |                                          |                                              |
|                                           +------------------------------------------+                                              |
|                                              8                                       8                                              |
|                                               8                                       8                                             |
|                                                8                                       8                                            |
|                                                8                                       8                                            |
|                                                 8                                       8 8                                         |
|                                                   8                                        8                                        |
|                                                    8                                       8                                        |
|                                                      8                                      8                                       |
|                                                       8                                      8                                      |
|                                                         8                                     8                                     |
|                                                          8                                    8                                     |
|                                                            8                                   8                                    |
|                                                             8 8                                  8                                  |
|                                                                 8 8                                8                                |
|                                                                     8                             8                                 |
|                                                                       88                            8                               |
|                                                                         8                             8                             |
|                                                                          8                           8                              |
|                                                                           8                            8                            |
|                                                                           8                             8                           |
|                                                                            8                             8                          |
|                                                                            88                             8                         |
|                                                                              8                             8                        |
|                                                                              8                              8                       |
|                                                                              8                               8                      |
|                                                                             8                                8                      |
|                                                                            8                                  8                     |
|                                                                           8                                    8                    |
|                                                                        8 8                                    8                     |
|                                                                       8                                      8                      |
|                                                                      8                                      8                       |
|                                                                     8                                        8                      |
|                                                                   8                                          8                      |
|                                                                   8                                           8                     |
|                                                                  8                                             8                    |
|                                                                 8                                              8                    |
|                                                               88                                              8                     |
|                                                              8                                              8                       |
|                                                               8                                            8                        |
|                                                                8                                         8                          |
|                                                                8                                        8                           |
|                                                                 8                                      8                            |
|                                                                  8                                   8                              |
|                                                                   8                                  8                              |
|                                                                 88                                   8                              |
|                                                               88                                    8                               |
|                                                              8                                     8                                |
|                                                            88                                     8                                 |
|                                                           8                                       8                                 |
|                                                          8                                        8                                 |
|                                                         8                                        8                                  |
|                                                        8                                        8                                   |
|                                                        8                                       8                                    |
|                                                       8                                         8                                   |
|                                                       8                                         8                                   |
|                                                      8                                           8                                  |
|                                                      8                                            8                                 |
|                                                     8                                             8                                 |
|                                                    8                                             8                                  |
|                                                    8                                            8                                   |
|                                                   8                                            8                                    |
|                                                  8                                            8                                     |
|                                                 8                                             8                                     |
|                                               8                                              8                                      |
|                                               8                                             8                                       |
|                                                8                                           8                                        |
|                                                 8                                         8                                         |
|                                                 8                                         8                                         |
|                                                 8                                        8                                          |
|                                                  8                                        8                                         |
|                                                 8                                          8                                        |
|                                                  8                                         8                                        |
|                                                  8                                          8                                       |
|                                                   8                                          8                                      |
|                                                    8                                          8                                     |
|                                                     8                                          8                                    |
|                                                     8                                           8                                   |
|                                                      8                                           8                                  |
|                                                       8                                           8                                 |
|                                                       8                                          8                                  |
|                                                       8                                          8                                  |
|                                                       8                                         8                                   |
|                                                        8                                       8                                    |
|                                                        8                                      8                                     |
|                                                       8                                      8                                      |
|                                                       8                                     8                                       |
|                                                       8                                     8                                       |
|                                                        8                                    88                                      |
|                                                       8                                       8                                     |
|                                                       8                                        8                                    |
|                                                        8                                        8                                   |
|                                                        8                                        88                                  |
|                                                         8                                         8                                 |
|                                                          8                                        8                                 |
|                                                          8                                       8                                  |
|                                                           8                                      8                                  |
|                                                           8                                     8                                   |
|                                                            8                                     8                                  |
|                                                             8                                    8                                  |
|                                                              8                                   8                                  |
|                                                               8                                  8                                  |
|                                                               8                                  8                                  |
|                                                                8                                8                                   |
|                                                                                                 8                                   |
|                                                                                                 8                                   |
|                                                                                                                                     |
|                                                                                                                                     |
|                                                                                                                                     |
|                                                                                                                                     |
|                                                                                                                                     |
|                                                                                                                                     |
|                                                                                                                                     |
|                                                                                                                                     |
|                                                                                                                                     |
|                                                                                                                                     |
|                                                                                                                                     |
|                                                                                                                                     |
|                                                                                                                                     |
|                                                                                                                                     |
|                                                                                                                                     |
|                                                                                                                                     |
|                                                                                                                                     |
|                                                                                                                                     |
|                                                                                                                                     |
|                                                                                                                                     |
|                                                                                                                                     |
|                                                                                                                                     |
|                                                                                                                                     |
|                                                                                                                                     |
|                                                                                                                                     |
|                                                                                                                                     |
|                                                                                                                                     |
|                                                                                                                                     |
|                                                                                                                                     |
|                                                                                                                                     |
|                                                                                                                                     |
|                                                                                                                                     |
|                                                                                                                                     |
|                                                                                                                                     |
|                                                                                                                                     |
|                                                                                                                                     |
|                                                                                                                                     |
|                                                                                                                                     |
|                                                                                                                                     |
|                                                                                                                                     |
|                                                                                                                                     |
|                                                                                                                                     |
|                                         _______         _________                                                                   |
|                                        /       \       /         \                                                                  |
|                                       /         \_____/           \                                                                 |
|                                      /         SPACESHIP           \                                                                |
|                                     /                               \                                                               |
+-------------------------------------------------------------------------------------------------------------------------------------+